98337
303012
98337
320252
98337
303012
98337
320252
98337
303012
98337
320252
98337
303012
98337
320252
98337
301012
98337
3055431
98337
301012
98337
3055431
98337
301012
98337
3055431
98337
301012
98337
3055431
98337
98337
98337
4662172
98337
98337
98337
4662172
98337
98337
98337
4662172
98337
98337
98337
4662172
98337
1748401
98337
17444718
98337
1748401
98337
17444718
98337
1748401
98337
17444718
98337
1748401
98337
17444718
98337
302292
98337
3061761
98337
302292
98337
3061761
98337
302292
98337
3061761
98337
302292
98337
3061761
